0 0.6
0 0.6
0 0.6
0 0.6
3599.99999979045 0.6
3599.99999979045 0.6
3599.99999979045 0.6
3599.99999979045 0.6
7200.00000020955 0.6
7200.00000020955 0.6
7200.00000020955 0.6
7200.00000020955 0.6
10800 0.6
10800 0.6
10800 0.6
10800 0.6
14399.9999997905 0.6
14399.9999997905 0.6
14399.9999997905 0.6
14399.9999997905 0.6
18000.0000002095 0.6
18000.0000002095 0.6
18000.0000002095 0.6
18000.0000002095 0.6
21600 0.6
21600 0.6
21600 0.6
21600 0.6
25199.9999997905 0.6
25199.9999997905 0.6
25199.9999997905 0.6
25199.9999997905 0.6
28800.0000002095 0.6
28800.0000002095 0.6
28800.0000002095 0.6
28800.0000002095 0.6
32400 0.6
32400 0.6
32400 0.6
32400 0.6
35999.9999997905 0.6
35999.9999997905 0.6
35999.9999997905 0.6
35999.9999997905 0.6
39600.0000002095 0.6
39600.0000002095 0.6
39600.0000002095 0.6
39600.0000002095 0.6
43200 0.6
43200 0.6
43200 0.6
43200 0.6
46799.9999997905 0.6
46799.9999997905 0.6
46799.9999997905 0.6
46799.9999997905 0.6
50400.0000002096 0.6
50400.0000002096 0.6
50400.0000002096 0.6
50400.0000002096 0.6
54000 0.6
54000 0.6
54000 0.6
54000 0.6
57599.9999997905 0.6
57599.9999997905 0.6
57599.9999997905 0.6
57599.9999997905 0.6
61200.0000002096 0.6
61200.0000002096 0.6
61200.0000002096 0.6
61200.0000002096 0.6
64800 0.6
64800 0.6
64800 0.6
64800 0.6
68399.9999997905 0.6
68399.9999997905 0.6
68399.9999997905 0.6
68399.9999997905 0.6
72000.0000002096 0.6
72000.0000002096 0.6
72000.0000002096 0.6
72000.0000002096 0.6
75600 0.6
75600 0.6
75600 0.6
75600 0.6
79199.9999997905 0.6
79199.9999997905 0.6
79199.9999997905 0.6
79199.9999997905 0.6
82800.0000002096 0.6
82800.0000002096 0.6
82800.0000002096 0.6
82800.0000002096 0.6
86400 0.6
86400 0.6
86400 0.6
86400 0.6
89999.9999997905 0.6
89999.9999997905 0.6
89999.9999997905 0.6
89999.9999997905 0.6
93600.0000002096 0.6
93600.0000002096 0.6
93600.0000002096 0.6
93600.0000002096 0.6
97200 0.6
97200 0.6
97200 0.6
97200 0.6
100799.99999979 0.6
100799.99999979 0.6
100799.99999979 0.6
100799.99999979 0.6
104400.00000021 0.6
104400.00000021 0.6
104400.00000021 0.6
104400.00000021 0.6
108000 0.6
108000 0.6
108000 0.6
108000 0.6
111599.99999979 0.6
111599.99999979 0.6
111599.99999979 0.6
111599.99999979 0.6
115200.00000021 0.6
115200.00000021 0.6
115200.00000021 0.6
115200.00000021 0.6
118800 0.6
118800 0.6
118800 0.6
118800 0.6
122399.99999979 0.6
122399.99999979 0.6
122399.99999979 0.6
122399.99999979 0.6
126000.00000021 0.6
126000.00000021 0.6
126000.00000021 0.6
126000.00000021 0.6
129600 0.6
129600 0.6
129600 0.6
129600 0.6
133199.99999979 0.6
133199.99999979 0.6
133199.99999979 0.6
133199.99999979 0.6
136800.00000021 0.6
136800.00000021 0.6
136800.00000021 0.6
136800.00000021 0.6
140400 0.6
140400 0.6
140400 0.6
140400 0.6
143999.99999979 0.6
143999.99999979 0.6
143999.99999979 0.6
143999.99999979 0.6
147600.00000021 0.6
147600.00000021 0.6
147600.00000021 0.6
147600.00000021 0.6
151200 0.6
151200 0.6
151200 0.6
151200 0.6
154799.99999979 0.6
154799.99999979 0.6
154799.99999979 0.6
154799.99999979 0.6
158400.00000021 0.6
158400.00000021 0.6
158400.00000021 0.6
158400.00000021 0.6
162000 0.6
162000 0.6
162000 0.6
162000 0.6
165599.99999979 0.6
165599.99999979 0.6
165599.99999979 0.6
165599.99999979 0.6
169200.00000021 0.6
169200.00000021 0.6
169200.00000021 0.6
169200.00000021 0.6
172800 0.6
172800 0.6
172800 0.6
172800 0.6
176399.99999979 0.6
176399.99999979 0.6
176399.99999979 0.6
176399.99999979 0.6
180000.00000021 0.6
180000.00000021 0.6
180000.00000021 0.6
180000.00000021 0.6
183600 0.6
183600 0.6
183600 0.6
183600 0.6
187199.99999979 0.6
187199.99999979 0.6
187199.99999979 0.6
187199.99999979 0.6
190800.00000021 0.6
190800.00000021 0.6
190800.00000021 0.6
190800.00000021 0.6
194400 0.6
194400 0.6
194400 0.6
194400 0.6
197999.99999979 0.6
197999.99999979 0.6
197999.99999979 0.6
197999.99999979 0.6
201600.00000021 0.6
201600.00000021 0.6
201600.00000021 0.6
201600.00000021 0.6
205200 0.6
205200 0.6
205200 0.6
205200 0.6
208799.99999979 0.6
208799.99999979 0.6
208799.99999979 0.6
208799.99999979 0.6
212400.00000021 0.6
212400.00000021 0.6
212400.00000021 0.6
212400.00000021 0.6
216000 0.6
216000 0.6
216000 0.6
216000 0.6
219599.99999979 0.6
219599.99999979 0.6
219599.99999979 0.6
219599.99999979 0.6
223200.00000021 0.6
223200.00000021 0.6
223200.00000021 0.6
223200.00000021 0.6
226800 0.6
226800 0.6
226800 0.6
226800 0.6
230399.99999979 0.6
230399.99999979 0.6
230399.99999979 0.6
230399.99999979 0.6
234000.00000021 0.6
234000.00000021 0.6
234000.00000021 0.6
234000.00000021 0.6
237600 0.6
237600 0.6
237600 0.6
237600 0.6
241199.99999979 0.6
241199.99999979 0.6
241199.99999979 0.6
241199.99999979 0.6
244800.00000021 0.6
244800.00000021 0.6
244800.00000021 0.6
244800.00000021 0.6
248400 0.6
248400 0.6
248400 0.6
248400 0.6
251999.99999979 0.6
251999.99999979 0.6
251999.99999979 0.6
251999.99999979 0.6
255600.00000021 0.6
255600.00000021 0.6
255600.00000021 0.6
255600.00000021 0.6
259200 0.6
259200 0.6
259200 0.6
259200 0.6
262799.99999979 0.6
262799.99999979 0.6
262799.99999979 0.6
262799.99999979 0.6
266400.00000021 0.6
266400.00000021 0.6
266400.00000021 0.6
266400.00000021 0.6
270000 0.6
270000 0.6
270000 0.6
270000 0.6
273599.99999979 0.6
273599.99999979 0.6
273599.99999979 0.6
273599.99999979 0.6
277200.00000021 0.6
277200.00000021 0.6
277200.00000021 0.6
277200.00000021 0.6
280800 0.6
280800 0.6
280800 0.6
280800 0.6
284399.99999979 0.6
284399.99999979 0.6
284399.99999979 0.6
284399.99999979 0.6
288000.00000021 0.6
288000.00000021 0.6
288000.00000021 0.6
288000.00000021 0.6
291600 0.6
291600 0.6
291600 0.6
291600 0.6
295199.99999979 0.6
295199.99999979 0.6
295199.99999979 0.6
295199.99999979 0.6
298800.00000021 0.6
298800.00000021 0.6
298800.00000021 0.6
298800.00000021 0.6
302400 0.6
302400 0.6
302400 0.6
302400 0.6
305999.99999979 0.6
305999.99999979 0.6
305999.99999979 0.6
305999.99999979 0.6
309600.00000021 0.6
309600.00000021 0.6
309600.00000021 0.6
309600.00000021 0.6
313200 0.6
313200 0.6
313200 0.6
313200 0.6
316799.99999979 0.6
316799.99999979 0.6
316799.99999979 0.6
316799.99999979 0.6
320400.00000021 0.6
320400.00000021 0.6
320400.00000021 0.6
320400.00000021 0.6
324000 0.6
324000 0.6
324000 0.6
324000 0.6
327599.99999979 0.6
327599.99999979 0.6
327599.99999979 0.6
327599.99999979 0.6
331200.00000021 0.6
331200.00000021 0.6
331200.00000021 0.6
331200.00000021 0.6
334800 0.6
334800 0.6
334800 0.6
334800 0.6
338399.99999979 0.6
338399.99999979 0.6
338399.99999979 0.6
338399.99999979 0.6
342000.00000021 0.6
342000.00000021 0.6
342000.00000021 0.6
342000.00000021 0.6
345600 0.6
345600 0.6
345600 0.6
345600 0.6
349199.99999979 0.6
349199.99999979 0.6
349199.99999979 0.6
349199.99999979 0.6
352800.00000021 0.6
352800.00000021 0.6
352800.00000021 0.6
352800.00000021 0.6
356400 0.6
356400 0.6
356400 0.6
356400 0.6
359999.99999979 0.6
359999.99999979 0.6
359999.99999979 0.6
359999.99999979 0.6
363600.00000021 0.6
363600.00000021 0.6
363600.00000021 0.6
363600.00000021 0.6
367200 0.6
367200 0.6
367200 0.6
367200 0.6
370799.99999979 0.6
370799.99999979 0.6
370799.99999979 0.6
370799.99999979 0.6
374400.00000021 0.6
374400.00000021 0.6
374400.00000021 0.6
374400.00000021 0.6
378000 0.6
378000 0.6
378000 0.6
378000 0.6
381599.99999979 0.6
381599.99999979 0.6
381599.99999979 0.6
381599.99999979 0.6
385200.00000021 0.6
385200.00000021 0.6
385200.00000021 0.6
385200.00000021 0.6
388800 0.6
388800 0.6
388800 0.6
388800 0.6
392399.99999979 0.6
392399.99999979 0.6
392399.99999979 0.6
392399.99999979 0.6
396000.00000021 0.6
396000.00000021 0.6
396000.00000021 0.6
396000.00000021 0.6
399600 0.6
399600 0.6
399600 0.6
399600 0.6
403199.999999791 0.6
403199.999999791 0.6
403199.999999791 0.6
403199.999999791 0.6
406800.00000021 0.6
406800.00000021 0.6
406800.00000021 0.6
406800.00000021 0.6
410400 0.6
410400 0.6
410400 0.6
410400 0.6
413999.99999979 0.6
413999.99999979 0.6
413999.99999979 0.6
413999.99999979 0.6
417600.00000021 0.6
417600.00000021 0.6
417600.00000021 0.6
417600.00000021 0.6
421200 0.6
421200 0.6
421200 0.6
421200 0.6
424799.99999979 0.6
424799.99999979 0.6
424799.99999979 0.6
424799.99999979 0.6
428400.00000021 0.6
428400.00000021 0.6
428400.00000021 0.6
428400.00000021 0.6
432000 0.6
432000 0.6
432000 0.6
432000 0.6
435599.99999979 0.6
435599.99999979 0.6
435599.99999979 0.6
435599.99999979 0.6
439200.00000021 0.6
439200.00000021 0.6
439200.00000021 0.6
439200.00000021 0.6
442800 0.6
442800 0.6
442800 0.6
442800 0.6
446399.99999979 0.6
446399.99999979 0.6
446399.99999979 0.6
446399.99999979 0.6
450000.00000021 0.6
450000.00000021 0.6
450000.00000021 0.6
450000.00000021 0.6
453600 0.6
453600 0.6
453600 0.6
453600 0.6
457199.999999791 0.6
457199.999999791 0.6
457199.999999791 0.6
457199.999999791 0.6
460800.00000021 0.6
460800.00000021 0.6
460800.00000021 0.6
460800.00000021 0.6
464400 0.6
464400 0.6
464400 0.6
464400 0.6
467999.99999979 0.6
467999.99999979 0.6
467999.99999979 0.6
467999.99999979 0.6
471600.00000021 0.6
471600.00000021 0.6
471600.00000021 0.6
471600.00000021 0.6
475200 0.6
475200 0.6
475200 0.6
475200 0.6
478799.99999979 0.6
478799.99999979 0.6
478799.99999979 0.6
478799.99999979 0.6
482400.00000021 0.6
482400.00000021 0.6
482400.00000021 0.6
482400.00000021 0.6
486000 0.6
486000 0.6
486000 0.6
486000 0.6
489599.999999791 0.6
489599.999999791 0.6
489599.999999791 0.6
489599.999999791 0.6
493200.00000021 0.6
493200.00000021 0.6
493200.00000021 0.6
493200.00000021 0.6
496800 0.6
496800 0.6
496800 0.6
496800 0.6
500399.99999979 0.6
500399.99999979 0.6
500399.99999979 0.6
500399.99999979 0.6
504000.00000021 0.6
504000.00000021 0.6
504000.00000021 0.6
504000.00000021 0.6
507600 0.6
507600 0.6
507600 0.6
507600 0.6
511199.999999791 0.6
511199.999999791 0.6
511199.999999791 0.6
511199.999999791 0.6
514800.00000021 0.6
514800.00000021 0.6
514800.00000021 0.6
514800.00000021 0.6
518400 0.6
518400 0.6
518400 0.6
518400 0.6
521999.99999979 0.6
521999.99999979 0.6
521999.99999979 0.6
521999.99999979 0.6
525600.00000021 0.6
525600.00000021 0.6
525600.00000021 0.6
525600.00000021 0.6
529200 0.6
529200 0.6
529200 0.6
529200 0.6
532799.99999979 0.6
532799.99999979 0.6
532799.99999979 0.6
532799.99999979 0.6
536400.00000021 0.6
536400.00000021 0.6
536400.00000021 0.6
536400.00000021 0.6
540000 0.6
540000 0.6
540000 0.6
540000 0.6
543599.999999791 0.6
543599.999999791 0.6
543599.999999791 0.6
543599.999999791 0.6
547200.00000021 0.6
547200.00000021 0.6
547200.00000021 0.6
547200.00000021 0.6
550800 0.6
550800 0.6
550800 0.6
550800 0.6
554399.99999979 0.6
554399.99999979 0.6
554399.99999979 0.6
554399.99999979 0.6
558000.00000021 0.6
558000.00000021 0.6
558000.00000021 0.6
558000.00000021 0.6
561600 0.6
561600 0.6
561600 0.6
561600 0.6
565199.999999791 0.6
565199.999999791 0.6
565199.999999791 0.6
565199.999999791 0.6
568800.00000021 0.6
568800.00000021 0.6
568800.00000021 0.6
568800.00000021 0.6
572400 0.6
572400 0.6
572400 0.6
572400 0.6
575999.99999979 0.6
575999.99999979 0.6
575999.99999979 0.6
575999.99999979 0.6
579600.00000021 0.6
579600.00000021 0.6
579600.00000021 0.6
579600.00000021 0.6
583200 0.6
583200 0.6
583200 0.6
583200 0.6
586799.99999979 0.6
586799.99999979 0.6
586799.99999979 0.6
586799.99999979 0.6
590400.00000021 0.6
590400.00000021 0.6
590400.00000021 0.6
590400.00000021 0.6
594000 0.6
594000 0.6
594000 0.6
594000 0.6
597599.999999791 0.6
597599.999999791 0.6
597599.999999791 0.6
597599.999999791 0.6
601200.00000021 0.6
601200.00000021 0.6
601200.00000021 0.6
601200.00000021 0.6
604800 0.6
604800 0.6
604800 0.6
604800 0.6
608399.99999979 0.6
608399.99999979 0.6
608399.99999979 0.6
608399.99999979 0.6
612000.00000021 0.6
612000.00000021 0.6
612000.00000021 0.6
612000.00000021 0.6
615600 0.6
615600 0.6
615600 0.6
615600 0.6
619199.999999791 0.6
619199.999999791 0.6
619199.999999791 0.6
619199.999999791 0.6
622800.00000021 0.6
622800.00000021 0.6
622800.00000021 0.6
622800.00000021 0.6
626400 0.6
626400 0.6
626400 0.6
626400 0.6
629999.99999979 0.6
629999.99999979 0.6
629999.99999979 0.6
629999.99999979 0.6
633600.00000021 0.6
633600.00000021 0.6
633600.00000021 0.6
633600.00000021 0.6
637200 0.6
637200 0.6
637200 0.6
637200 0.6
640799.99999979 0.6
640799.99999979 0.6
640799.99999979 0.6
640799.99999979 0.6
644400.00000021 0.6
644400.00000021 0.6
644400.00000021 0.6
644400.00000021 0.6
648000 0.6
648000 0.6
648000 0.6
648000 0.6
651599.999999791 0.6
651599.999999791 0.6
651599.999999791 0.6
651599.999999791 0.6
655200.00000021 0.6
655200.00000021 0.6
655200.00000021 0.6
655200.00000021 0.6
658800 0.6
658800 0.6
658800 0.6
658800 0.6
662399.99999979 0.6
662399.99999979 0.6
662399.99999979 0.6
662399.99999979 0.6
666000.00000021 0.6
666000.00000021 0.6
666000.00000021 0.6
666000.00000021 0.6
669600 0.6
669600 0.6
669600 0.6
669600 0.6
673199.99999979 0.6
673199.99999979 0.6
673199.99999979 0.6
673199.99999979 0.6
676800.00000021 0.6
676800.00000021 0.6
676800.00000021 0.6
676800.00000021 0.6
680400 0.6
680400 0.6
680400 0.6
680400 0.6
683999.99999979 0.6
683999.99999979 0.6
683999.99999979 0.6
683999.99999979 0.6
687600.00000021 0.6
687600.00000021 0.6
687600.00000021 0.6
687600.00000021 0.6
691200 0.6
691200 0.6
691200 0.6
691200 0.6
694799.99999979 0.6
694799.99999979 0.6
694799.99999979 0.6
694799.99999979 0.6
698400.00000021 0.6
698400.00000021 0.6
698400.00000021 0.6
698400.00000021 0.6
702000 0.6
702000 0.6
702000 0.6
702000 0.6
705599.999999791 0.6
705599.999999791 0.6
705599.999999791 0.6
705599.999999791 0.6
709200.00000021 0.6
709200.00000021 0.6
709200.00000021 0.6
709200.00000021 0.6
712800 0.6
712800 0.6
712800 0.6
712800 0.6
716399.99999979 0.6
716399.99999979 0.6
716399.99999979 0.6
716399.99999979 0.6
720000.00000021 0.6
720000.00000021 0.6
720000.00000021 0.6
720000.00000021 0.6
723600 0.6
723600 0.6
723600 0.6
723600 0.6
727199.99999979 0.6
727199.99999979 0.6
727199.99999979 0.6
727199.99999979 0.6
730800.00000021 0.6
730800.00000021 0.6
730800.00000021 0.6
730800.00000021 0.6
734400 0.6
734400 0.6
734400 0.6
734400 0.6
737999.999999791 0.6
737999.999999791 0.6
737999.999999791 0.6
737999.999999791 0.6
741600.00000021 0.6
741600.00000021 0.6
741600.00000021 0.6
741600.00000021 0.6
745200 0.6
745200 0.6
745200 0.6
745200 0.6
748799.99999979 0.6
748799.99999979 0.6
748799.99999979 0.6
748799.99999979 0.6
752400.00000021 0.6
752400.00000021 0.6
752400.00000021 0.6
752400.00000021 0.6
756000 0.6
756000 0.6
756000 0.6
756000 0.6
759599.999999791 0.6
759599.999999791 0.6
759599.999999791 0.6
759599.999999791 0.6
763200.00000021 0.6
763200.00000021 0.6
763200.00000021 0.6
763200.00000021 0.6
766800 0.6
766800 0.6
766800 0.6
766800 0.6
770399.99999979 0.6
770399.99999979 0.6
770399.99999979 0.6
770399.99999979 0.6
774000.00000021 0.6
774000.00000021 0.6
774000.00000021 0.6
774000.00000021 0.6
777600 0.6
777600 0.6
777600 0.6
777600 0.6
781199.99999979 0.6
781199.99999979 0.6
781199.99999979 0.6
781199.99999979 0.6
784800.00000021 0.6
784800.00000021 0.6
784800.00000021 0.6
784800.00000021 0.6
788400 0.6
788400 0.6
788400 0.6
788400 0.6
791999.999999791 0.6
791999.999999791 0.6
791999.999999791 0.6
791999.999999791 0.6
795600.00000021 0.6
795600.00000021 0.6
795600.00000021 0.6
795600.00000021 0.6
799200 0.6
799200 0.6
799200 0.6
799200 0.6
802799.99999979 0.6
802799.99999979 0.6
802799.99999979 0.6
802799.99999979 0.6
806400.00000021 0.6
806400.00000021 0.6
806400.00000021 0.6
806400.00000021 0.6
810000 0.6
810000 0.6
810000 0.6
810000 0.6
813599.999999791 0.6
813599.999999791 0.6
813599.999999791 0.6
813599.999999791 0.6
817200.00000021 0.6
817200.00000021 0.6
817200.00000021 0.6
817200.00000021 0.6
820800 0.6
820800 0.6
820800 0.6
820800 0.6
824399.99999979 0.6
824399.99999979 0.6
824399.99999979 0.6
824399.99999979 0.6
828000.00000021 0.6
828000.00000021 0.6
828000.00000021 0.6
828000.00000021 0.6
831600 0.6
831600 0.6
831600 0.6
831600 0.6
835199.99999979 0.6
835199.99999979 0.6
835199.99999979 0.6
835199.99999979 0.6
838800.00000021 0.6
838800.00000021 0.6
838800.00000021 0.6
838800.00000021 0.6
842400 0.6
842400 0.6
842400 0.6
842400 0.6
845999.999999791 0.6
845999.999999791 0.6
845999.999999791 0.6
845999.999999791 0.6
849600.00000021 0.6
849600.00000021 0.6
849600.00000021 0.6
849600.00000021 0.6
853200 0.6
853200 0.6
853200 0.6
853200 0.6
856799.999999791 0.6
856799.999999791 0.6
856799.999999791 0.6
856799.999999791 0.6
860400.00000021 0.6
860400.00000021 0.6
860400.00000021 0.6
860400.00000021 0.6
864000 0.6
864000 0.6
864000 0.6
864000 0.6
867599.99999979 0.6
867599.99999979 0.6
867599.99999979 0.6
867599.99999979 0.6
871200.00000021 0.6
871200.00000021 0.6
871200.00000021 0.6
871200.00000021 0.6
874800 0.6
874800 0.6
874800 0.6
874800 0.6
878399.99999979 0.6
878399.99999979 0.6
878399.99999979 0.6
878399.99999979 0.6
882000.000000209 0.6
882000.000000209 0.6
882000.000000209 0.6
882000.000000209 0.6
885600 0.6
885600 0.6
885600 0.6
885600 0.6
889199.999999791 0.6
889199.999999791 0.6
889199.999999791 0.6
889199.999999791 0.6
892800.00000021 0.6
892800.00000021 0.6
892800.00000021 0.6
892800.00000021 0.6
896400 0.6
896400 0.6
896400 0.6
896400 0.6
899999.99999979 0.6
899999.99999979 0.6
899999.99999979 0.6
899999.99999979 0.6
903600.00000021 0.6
903600.00000021 0.6
903600.00000021 0.6
903600.00000021 0.6
907200 0.6
907200 0.6
907200 0.6
907200 0.6
910799.99999979 0.6
910799.99999979 0.6
910799.99999979 0.6
910799.99999979 0.6
914400.00000021 0.6
914400.00000021 0.6
914400.00000021 0.6
914400.00000021 0.6
918000 0.6
918000 0.6
918000 0.6
918000 0.6
921599.999999791 0.6
921599.999999791 0.6
921599.999999791 0.6
921599.999999791 0.6
925200.00000021 0.6
925200.00000021 0.6
925200.00000021 0.6
925200.00000021 0.6
928800 0.6
928800 0.6
928800 0.6
928800 0.6
932399.99999979 0.6
932399.99999979 0.6
932399.99999979 0.6
932399.99999979 0.6
936000.00000021 0.6
936000.00000021 0.6
936000.00000021 0.6
936000.00000021 0.6
939600 0.6
939600 0.6
939600 0.6
939600 0.6
943199.99999979 0.6
943199.99999979 0.6
943199.99999979 0.6
943199.99999979 0.6
946800.00000021 0.6
946800.00000021 0.6
946800.00000021 0.6
946800.00000021 0.6
950400 0.6
950400 0.6
950400 0.6
950400 0.6
953999.999999791 0.6
953999.999999791 0.6
953999.999999791 0.6
953999.999999791 0.6
957600.00000021 0.6
957600.00000021 0.6
957600.00000021 0.6
957600.00000021 0.6
961200 0.6
961200 0.6
961200 0.6
961200 0.6
964799.999999791 0.6
964799.999999791 0.6
964799.999999791 0.6
964799.999999791 0.6
968400.00000021 0.6
968400.00000021 0.6
968400.00000021 0.6
968400.00000021 0.6
972000 0.6
972000 0.6
972000 0.6
972000 0.6
975599.99999979 0.6
975599.99999979 0.6
975599.99999979 0.6
975599.99999979 0.6
979200.00000021 0.6
979200.00000021 0.6
979200.00000021 0.6
979200.00000021 0.6
982800 0.6
982800 0.6
982800 0.6
982800 0.6
986399.99999979 0.6
986399.99999979 0.6
986399.99999979 0.6
986399.99999979 0.6
990000.00000021 0.6
990000.00000021 0.6
990000.00000021 0.6
990000.00000021 0.6
993600 0.6
993600 0.6
993600 0.6
993600 0.6
997199.999999791 0.6
997199.999999791 0.6
997199.999999791 0.6
997199.999999791 0.6
1000800.00000021 0.6
1000800.00000021 0.6
1000800.00000021 0.6
1000800.00000021 0.6
1004400 0.6
1004400 0.6
1004400 0.6
1004400 0.6
1007999.99999979 0.6
1007999.99999979 0.6
1007999.99999979 0.6
1007999.99999979 0.6
1011600.00000021 0.6
1011600.00000021 0.6
1011600.00000021 0.6
1011600.00000021 0.6
1015200 0.6
1015200 0.6
1015200 0.6
1015200 0.6
1018799.99999979 0.6
1018799.99999979 0.6
1018799.99999979 0.6
1018799.99999979 0.6
1022400.00000021 0.6
1022400.00000021 0.6
1022400.00000021 0.6
1022400.00000021 0.6
1026000 0.6
1026000 0.6
1026000 0.6
1026000 0.6
1029599.99999979 0.6
1029599.99999979 0.6
1029599.99999979 0.6
1029599.99999979 0.6
1033200.00000021 0.6
1033200.00000021 0.6
1033200.00000021 0.6
1033200.00000021 0.6
1036800 0.6
1036800 0.6
1036800 0.6
1036800 0.6
1040399.99999979 0.6
1040399.99999979 0.6
1040399.99999979 0.6
1040399.99999979 0.6
1044000.00000021 0.6
1044000.00000021 0.6
1044000.00000021 0.6
1044000.00000021 0.6
1047600 0.6
1047600 0.6
1047600 0.6
1047600 0.6
1051199.99999979 0.6
1051199.99999979 0.6
1051199.99999979 0.6
1051199.99999979 0.6
1054800.00000021 0.6
1054800.00000021 0.6
1054800.00000021 0.6
1054800.00000021 0.6
1058400 0.6
1058400 0.6
1058400 0.6
1058400 0.6
1061999.99999979 0.6
1061999.99999979 0.6
1061999.99999979 0.6
1061999.99999979 0.6
1065600.00000021 0.6
1065600.00000021 0.6
1065600.00000021 0.6
1065600.00000021 0.6
1069200 0.6
1069200 0.6
1069200 0.6
1069200 0.6
1072799.99999979 0.6
1072799.99999979 0.6
1072799.99999979 0.6
1072799.99999979 0.6
1076400.00000021 0.6
1076400.00000021 0.6
1076400.00000021 0.6
1076400.00000021 0.6
1080000 0.6
1080000 0.6
1080000 0.6
1080000 0.6
1083599.99999979 0.6
1083599.99999979 0.6
1083599.99999979 0.6
1083599.99999979 0.6
1087200.00000021 0.6
1087200.00000021 0.6
1087200.00000021 0.6
1087200.00000021 0.6
1090800 0.6
1090800 0.6
1090800 0.6
1090800 0.6
1094399.99999979 0.6
1094399.99999979 0.6
1094399.99999979 0.6
1094399.99999979 0.6
1098000.00000021 0.6
1098000.00000021 0.6
1098000.00000021 0.6
1098000.00000021 0.6
1101600 0.6
1101600 0.6
1101600 0.6
1101600 0.6
1105199.99999979 0.6
1105199.99999979 0.6
1105199.99999979 0.6
1105199.99999979 0.6
1108800.00000021 0.6
1108800.00000021 0.6
1108800.00000021 0.6
1108800.00000021 0.6
1112400 0.6
1112400 0.6
1112400 0.6
1112400 0.6
1115999.99999979 0.6
1115999.99999979 0.6
1115999.99999979 0.6
1115999.99999979 0.6
1119600.00000021 0.6
1119600.00000021 0.6
1119600.00000021 0.6
1119600.00000021 0.6
1123200 0.6
1123200 0.6
1123200 0.6
1123200 0.6
1126799.99999979 0.6
1126799.99999979 0.6
1126799.99999979 0.6
1126799.99999979 0.6
1130400.00000021 0.6
1130400.00000021 0.6
1130400.00000021 0.6
1130400.00000021 0.6
1134000 0.6
1134000 0.6
1134000 0.6
1134000 0.6
1137599.99999979 0.6
1137599.99999979 0.6
1137599.99999979 0.6
1137599.99999979 0.6
1141200.00000021 0.6
1141200.00000021 0.6
1141200.00000021 0.6
1141200.00000021 0.6
1144800 0.6
1144800 0.6
1144800 0.6
1144800 0.6
1148399.99999979 0.6
1148399.99999979 0.6
1148399.99999979 0.6
1148399.99999979 0.6
1152000.00000021 0.6
1152000.00000021 0.6
1152000.00000021 0.6
1152000.00000021 0.6
1155600 0.6
1155600 0.6
1155600 0.6
1155600 0.6
1159199.99999979 0.6
1159199.99999979 0.6
1159199.99999979 0.6
1159199.99999979 0.6
1162800.00000021 0.6
1162800.00000021 0.6
1162800.00000021 0.6
1162800.00000021 0.6
1166400 0.6
1166400 0.6
1166400 0.6
1166400 0.6
1169999.99999979 0.6
1169999.99999979 0.6
1169999.99999979 0.6
1169999.99999979 0.6
1173600.00000021 0.6
1173600.00000021 0.6
1173600.00000021 0.6
1173600.00000021 0.6
1177200 0.6
1177200 0.6
1177200 0.6
1177200 0.6
1180799.99999979 0.6
1180799.99999979 0.6
1180799.99999979 0.6
1180799.99999979 0.6
1184400.00000021 0.6
1184400.00000021 0.6
1184400.00000021 0.6
1184400.00000021 0.6
1188000 0.6
1188000 0.6
1188000 0.6
1188000 0.6
1191599.99999979 0.6
1191599.99999979 0.6
1191599.99999979 0.6
1191599.99999979 0.6
1195200.00000021 0.6
1195200.00000021 0.6
1195200.00000021 0.6
1195200.00000021 0.6
1198800 0.6
1198800 0.6
1198800 0.6
1198800 0.6
1202399.99999979 0.6
1202399.99999979 0.6
1202399.99999979 0.6
1202399.99999979 0.6
1206000.00000021 0.6
1206000.00000021 0.6
1206000.00000021 0.6
1206000.00000021 0.6
1209600 0.6
1209600 0.6
1209600 0.6
1209600 0.6
1213199.99999979 0.6
1213199.99999979 0.6
1213199.99999979 0.6
1213199.99999979 0.6
1216800.00000021 0.6
1216800.00000021 0.6
1216800.00000021 0.6
1216800.00000021 0.6
1220400 0.6
1220400 0.6
1220400 0.6
1220400 0.6
1223999.99999979 0.6
1223999.99999979 0.6
1223999.99999979 0.6
1223999.99999979 0.6
1227600.00000021 0.6
1227600.00000021 0.6
1227600.00000021 0.6
1227600.00000021 0.6
1231200 0.6
1231200 0.6
1231200 0.6
1231200 0.6
1234799.99999979 0.6
1234799.99999979 0.6
1234799.99999979 0.6
1234799.99999979 0.6
1238400.00000021 0.6
1238400.00000021 0.6
1238400.00000021 0.6
1238400.00000021 0.6
1242000 0.6
1242000 0.6
1242000 0.6
1242000 0.6
1245599.99999979 0.6
1245599.99999979 0.6
1245599.99999979 0.6
1245599.99999979 0.6
1249200.00000021 0.6
1249200.00000021 0.6
1249200.00000021 0.6
1249200.00000021 0.6
1252800 0.6
1252800 0.6
1252800 0.6
1252800 0.6
1256399.99999979 0.6
1256399.99999979 0.6
1256399.99999979 0.6
1256399.99999979 0.6
1260000.00000021 0.6
1260000.00000021 0.6
1260000.00000021 0.6
1260000.00000021 0.6
1263600 0.6
1263600 0.6
1263600 0.6
1263600 0.6
1267199.99999979 0.6
1267199.99999979 0.6
1267199.99999979 0.6
1267199.99999979 0.6
1270800.00000021 0.6
1270800.00000021 0.6
1270800.00000021 0.6
1270800.00000021 0.6
1274400 0.6
1274400 0.6
1274400 0.6
1274400 0.6
1277999.99999979 0.6
1277999.99999979 0.6
1277999.99999979 0.6
1277999.99999979 0.6
1281600.00000021 0.6
1281600.00000021 0.6
1281600.00000021 0.6
1281600.00000021 0.6
1285200 0.6
1285200 0.6
1285200 0.6
1285200 0.6
1288799.99999979 0.6
1288799.99999979 0.6
1288799.99999979 0.6
1288799.99999979 0.6
1292400.00000021 0.6
1292400.00000021 0.6
1292400.00000021 0.6
1292400.00000021 0.6
1296000 0.6
1296000 0.6
1296000 0.6
1296000 0.6
1299599.99999979 0.6
1299599.99999979 0.6
1299599.99999979 0.6
1299599.99999979 0.6
1303200.00000021 0.6
1303200.00000021 0.6
1303200.00000021 0.6
1303200.00000021 0.6
1306800 0.6
1306800 0.6
1306800 0.6
1306800 0.6
1310399.99999979 0.6
1310399.99999979 0.6
1310399.99999979 0.6
1310399.99999979 0.6
1314000.00000021 0.6
1314000.00000021 0.6
1314000.00000021 0.6
1314000.00000021 0.6
1317600 0.6
1317600 0.6
1317600 0.6
1317600 0.6
1321199.99999979 0.6
1321199.99999979 0.6
1321199.99999979 0.6
1321199.99999979 0.6
1324800.00000021 0.6
1324800.00000021 0.6
1324800.00000021 0.6
1324800.00000021 0.6
1328400 0.6
1328400 0.6
1328400 0.6
1328400 0.6
1331999.99999979 0.6
1331999.99999979 0.6
1331999.99999979 0.6
1331999.99999979 0.6
1335600.00000021 0.6
1335600.00000021 0.6
1335600.00000021 0.6
1335600.00000021 0.6
1339200 0.6
1339200 0.6
1339200 0.6
1339200 0.6
1342799.99999979 0.6
1342799.99999979 0.6
1342799.99999979 0.6
1342799.99999979 0.6
1346400.00000021 0.6
1346400.00000021 0.6
1346400.00000021 0.6
1346400.00000021 0.6
1350000 0.6
1350000 0.6
1350000 0.6
1350000 0.6
1353599.99999979 0.6
1353599.99999979 0.6
1353599.99999979 0.6
1353599.99999979 0.6
1357200.00000021 0.6
1357200.00000021 0.6
1357200.00000021 0.6
1357200.00000021 0.6
1360800 0.6
1360800 0.6
1360800 0.6
1360800 0.6
1364399.99999979 0.6
1364399.99999979 0.6
1364399.99999979 0.6
1364399.99999979 0.6
1368000.00000021 0.6
1368000.00000021 0.6
1368000.00000021 0.6
1368000.00000021 0.6
1371600 0.6
1371600 0.6
1371600 0.6
1371600 0.6
1375199.99999979 0.6
1375199.99999979 0.6
1375199.99999979 0.6
1375199.99999979 0.6
1378800.00000021 0.6
1378800.00000021 0.6
1378800.00000021 0.6
1378800.00000021 0.6
1382400 0.6
1382400 0.6
1382400 0.6
1382400 0.6
1385999.99999979 0.6
1385999.99999979 0.6
1385999.99999979 0.6
1385999.99999979 0.6
1389600.00000021 0.6
1389600.00000021 0.6
1389600.00000021 0.6
1389600.00000021 0.6
1393200 0.6
1393200 0.6
1393200 0.6
1393200 0.6
1396799.99999979 0.6
1396799.99999979 0.6
1396799.99999979 0.6
1396799.99999979 0.6
1400400.00000021 0.6
1400400.00000021 0.6
1400400.00000021 0.6
1400400.00000021 0.6
1404000 0.6
1404000 0.6
1404000 0.6
1404000 0.6
1407599.99999979 0.6
1407599.99999979 0.6
1407599.99999979 0.6
1407599.99999979 0.6
1411200.00000021 0.6
1411200.00000021 0.6
1411200.00000021 0.6
1411200.00000021 0.6
1414800 0.6
1414800 0.6
1414800 0.6
1414800 0.6
1418399.99999979 0.6
1418399.99999979 0.6
1418399.99999979 0.6
1418399.99999979 0.6
1422000.00000021 0.6
1422000.00000021 0.6
1422000.00000021 0.6
1422000.00000021 0.6
1425600 0.6
1425600 0.6
1425600 0.6
1425600 0.6
1429199.99999979 0.6
1429199.99999979 0.6
1429199.99999979 0.6
1429199.99999979 0.6
1432800.00000021 0.6
1432800.00000021 0.6
1432800.00000021 0.6
1432800.00000021 0.6
1436400 0.6
1436400 0.6
1436400 0.6
1436400 0.6
1439999.99999979 0.6
1439999.99999979 0.6
1439999.99999979 0.6
1439999.99999979 0.6
1443600.00000021 0.6
1443600.00000021 0.6
1443600.00000021 0.6
1443600.00000021 0.6
1447200 0.6
1447200 0.6
1447200 0.6
1447200 0.6
1450799.99999979 0.6
1450799.99999979 0.6
1450799.99999979 0.6
1450799.99999979 0.6
1454400.00000021 0.6
1454400.00000021 0.6
1454400.00000021 0.6
1454400.00000021 0.6
1458000 0.6
1458000 0.6
1458000 0.6
1458000 0.6
1461599.99999979 0.6
1461599.99999979 0.6
1461599.99999979 0.6
1461599.99999979 0.6
1465200.00000021 0.6
1465200.00000021 0.6
1465200.00000021 0.6
1465200.00000021 0.6
1468800 0.6
1468800 0.6
1468800 0.6
1468800 0.6
1472399.99999979 0.6
1472399.99999979 0.6
1472399.99999979 0.6
1472399.99999979 0.6
1476000.00000021 0.6
1476000.00000021 0.6
1476000.00000021 0.6
1476000.00000021 0.6
1479600 0.6
1479600 0.6
1479600 0.6
1479600 0.6
1483199.99999979 0.6
1483199.99999979 0.6
1483199.99999979 0.6
1483199.99999979 0.6
1486800.00000021 0.6
1486800.00000021 0.6
1486800.00000021 0.6
1486800.00000021 0.6
1490400 0.6
1490400 0.6
1490400 0.6
1490400 0.6
1493999.99999979 0.6
1493999.99999979 0.6
1493999.99999979 0.6
1493999.99999979 0.6
1497600.00000021 0.6
1497600.00000021 0.6
1497600.00000021 0.6
1497600.00000021 0.6
1501200 0.6
1501200 0.6
1501200 0.6
1501200 0.6
1504799.99999979 0.6
1504799.99999979 0.6
1504799.99999979 0.6
1504799.99999979 0.6
1508400.00000021 0.6
1508400.00000021 0.6
1508400.00000021 0.6
1508400.00000021 0.6
1512000 0.6
1512000 0.6
1512000 0.6
1512000 0.6
1515599.99999979 0.6
1515599.99999979 0.6
1515599.99999979 0.6
1515599.99999979 0.6
1519200.00000021 0.6
1519200.00000021 0.6
1519200.00000021 0.6
1519200.00000021 0.6
1522800 0.6
1522800 0.6
1522800 0.6
1522800 0.6
1526399.99999979 0.6
1526399.99999979 0.6
1526399.99999979 0.6
1526399.99999979 0.6
1530000.00000021 0.6
1530000.00000021 0.6
1530000.00000021 0.6
1530000.00000021 0.6
1533600 0.6
1533600 0.6
1533600 0.6
1533600 0.6
1537199.99999979 0.6
1537199.99999979 0.6
1537199.99999979 0.6
1537199.99999979 0.6
1540800.00000021 0.6
1540800.00000021 0.6
1540800.00000021 0.6
1540800.00000021 0.6
1544400 0.6
1544400 0.6
1544400 0.6
1544400 0.6
1547999.99999979 0.6
1547999.99999979 0.6
1547999.99999979 0.6
1547999.99999979 0.6
1551600.00000021 0.6
1551600.00000021 0.6
1551600.00000021 0.6
1551600.00000021 0.6
1555200 0.6
1555200 0.6
1555200 0.6
1555200 0.6
1558799.99999979 0.6
1558799.99999979 0.6
1558799.99999979 0.6
1558799.99999979 0.6
1562400.00000021 0.6
1562400.00000021 0.6
1562400.00000021 0.6
1562400.00000021 0.6
1566000 0.6
1566000 0.6
1566000 0.6
1566000 0.6
1569599.99999979 0.6
1569599.99999979 0.6
1569599.99999979 0.6
1569599.99999979 0.6
1573200.00000021 0.6
1573200.00000021 0.6
1573200.00000021 0.6
1573200.00000021 0.6
1576800 0.6
1576800 0.6
1576800 0.6
1576800 0.6
1580399.99999979 0.6
1580399.99999979 0.6
1580399.99999979 0.6
1580399.99999979 0.6
1584000.00000021 0.6
1584000.00000021 0.6
1584000.00000021 0.6
1584000.00000021 0.6
1587600 0.6
1587600 0.6
1587600 0.6
1587600 0.6
1591199.99999979 0.6
1591199.99999979 0.6
1591199.99999979 0.6
1591199.99999979 0.6
1594800.00000021 0.6
1594800.00000021 0.6
1594800.00000021 0.6
1594800.00000021 0.6
1598400 0.6
1598400 0.6
1598400 0.6
1598400 0.6
1601999.99999979 0.6
1601999.99999979 0.6
1601999.99999979 0.6
1601999.99999979 0.6
1605600.00000021 0.6
1605600.00000021 0.6
1605600.00000021 0.6
1605600.00000021 0.6
1609200 0.6
1609200 0.6
1609200 0.6
1609200 0.6
1612799.99999979 0.6
1612799.99999979 0.6
1612799.99999979 0.6
1612799.99999979 0.6
1616400.00000021 0.6
1616400.00000021 0.6
1616400.00000021 0.6
1616400.00000021 0.6
1620000 0.6
1620000 0.6
1620000 0.6
1620000 0.6
1623599.99999979 0.6
1623599.99999979 0.6
1623599.99999979 0.6
1623599.99999979 0.6
1627200.00000021 0.6
1627200.00000021 0.6
1627200.00000021 0.6
1627200.00000021 0.6
1630800 0.6
1630800 0.6
1630800 0.6
1630800 0.6
1634399.99999979 0.6
1634399.99999979 0.6
1634399.99999979 0.6
1634399.99999979 0.6
1638000.00000021 0.6
1638000.00000021 0.6
1638000.00000021 0.6
1638000.00000021 0.6
1641600 0.6
1641600 0.6
1641600 0.6
1641600 0.6
1645199.99999979 0.6
1645199.99999979 0.6
1645199.99999979 0.6
1645199.99999979 0.6
1648800.00000021 0.6
1648800.00000021 0.6
1648800.00000021 0.6
1648800.00000021 0.6
1652400 0.6
1652400 0.6
1652400 0.6
1652400 0.6
1655999.99999979 0.6
1655999.99999979 0.6
1655999.99999979 0.6
1655999.99999979 0.6
1659600.00000021 0.6
1659600.00000021 0.6
1659600.00000021 0.6
1659600.00000021 0.6
1663200 0.6
1663200 0.6
1663200 0.6
1663200 0.6
1666799.99999979 0.6
1666799.99999979 0.6
1666799.99999979 0.6
1666799.99999979 0.6
1670400.00000021 0.6
1670400.00000021 0.6
1670400.00000021 0.6
1670400.00000021 0.6
1674000 0.6
1674000 0.6
1674000 0.6
1674000 0.6
1677599.99999979 0.6
1677599.99999979 0.6
1677599.99999979 0.6
1677599.99999979 0.6
1681200.00000021 0.6
1681200.00000021 0.6
1681200.00000021 0.6
1681200.00000021 0.6
1684800 0.6
1684800 0.6
1684800 0.6
1684800 0.6
1688399.99999979 0.6
1688399.99999979 0.6
1688399.99999979 0.6
1688399.99999979 0.6
1692000.00000021 0.6
1692000.00000021 0.6
1692000.00000021 0.6
1692000.00000021 0.6
1695600 0.6
1695600 0.6
1695600 0.6
1695600 0.6
1699199.99999979 0.6
1699199.99999979 0.6
1699199.99999979 0.6
1699199.99999979 0.6
1702800.00000021 0.6
1702800.00000021 0.6
1702800.00000021 0.6
1702800.00000021 0.6
1706400 0.6
1706400 0.6
1706400 0.6
1706400 0.6
1709999.99999979 0.6
1709999.99999979 0.6
1709999.99999979 0.6
1709999.99999979 0.6
1713600.00000021 0.6
1713600.00000021 0.6
1713600.00000021 0.6
1713600.00000021 0.6
1717200 0.6
1717200 0.6
1717200 0.6
1717200 0.6
1720799.99999979 0.6
1720799.99999979 0.6
1720799.99999979 0.6
1720799.99999979 0.6
1724400.00000021 0.6
1724400.00000021 0.6
1724400.00000021 0.6
1724400.00000021 0.6
1728000 0.6
1728000 0.6
1728000 0.6
1728000 0.6
1731599.99999979 0.6
1731599.99999979 0.6
1731599.99999979 0.6
1731599.99999979 0.6
1735200.00000021 0.6
1735200.00000021 0.6
1735200.00000021 0.6
1735200.00000021 0.6
1738800 0.6
1738800 0.6
1738800 0.6
1738800 0.6
1742399.99999979 0.6
1742399.99999979 0.6
1742399.99999979 0.6
1742399.99999979 0.6
1746000.00000021 0.6
1746000.00000021 0.6
1746000.00000021 0.6
1746000.00000021 0.6
1749600 0.6
1749600 0.6
1749600 0.6
1749600 0.6
1753199.99999979 0.6
1753199.99999979 0.6
1753199.99999979 0.6
1753199.99999979 0.6
1756800.00000021 0.6
1756800.00000021 0.6
1756800.00000021 0.6
1756800.00000021 0.6
1760400 0.6
1760400 0.6
1760400 0.6
1760400 0.6
1763999.99999979 0.6
1763999.99999979 0.6
1763999.99999979 0.6
1763999.99999979 0.6
1767600.00000021 0.6
1767600.00000021 0.6
1767600.00000021 0.6
1767600.00000021 0.6
1771200 0.6
1771200 0.6
1771200 0.6
1771200 0.6
1774799.99999979 0.6
1774799.99999979 0.6
1774799.99999979 0.6
1774799.99999979 0.6
1778400.00000021 0.6
1778400.00000021 0.6
1778400.00000021 0.6
1778400.00000021 0.6
1782000 0.6
1782000 0.6
1782000 0.6
1782000 0.6
1785599.99999979 0.6
1785599.99999979 0.6
1785599.99999979 0.6
1785599.99999979 0.6
1789200.00000021 0.6
1789200.00000021 0.6
1789200.00000021 0.6
1789200.00000021 0.6
1792800 0.6
1792800 0.6
1792800 0.6
1792800 0.6
1796399.99999979 0.6
1796399.99999979 0.6
1796399.99999979 0.6
1796399.99999979 0.6
1800000.00000021 0.6
1800000.00000021 0.6
1800000.00000021 0.6
1800000.00000021 0.6
1803600 0.6
1803600 0.6
1803600 0.6
1803600 0.6
1807199.99999979 0.6
1807199.99999979 0.6
1807199.99999979 0.6
1807199.99999979 0.6
1810800.00000021 0.6
1810800.00000021 0.6
1810800.00000021 0.6
1810800.00000021 0.6
